01 250 Moto1 2021|3581071657477
01 450 Moto1 2021|3581069953541
01 250 Moto2 2021|3581101017605
01 450 Moto2 2021|3581070084613

02 250 Moto1 2021|3580908341765
02 450 Moto1 2021|3580885404165
02 250 Moto2 2021|3580910635525
02 450 Moto2 2021|3580885469701

03 250 Moto1 2021|3580977875461
03 450 Moto1 2021|3580978465285
03 250 Moto2 2021|3580978924037
03 450 Moto2 2021|3580980169221

04 250 Moto1 2021|3580798503429
04 450 Moto1 2021|3580796865029
04 250 Moto2 2021|3580796799493
04 450 Moto2 2021|3580796930565

05 250 Moto1 2021|3580940519941
05 450 Moto1 2021|3580940454405
05 250 Moto2 2021|3580943141381
05 450 Moto2 2021|3580943075845
